4294967278,22
4294967278,25
4294967278,24
4294967278,23
4294967278,313
4294967278,314
4294967278,311
4294967278,309
4294967278,307
4294967278,28
4294967278,27
4294967278,26
4294967278,305
4294967278,303
4294967278,301
4294967278,30
4294967278,29
4294967278,302
4294967278,299
4294967278,375
4294967278,298
4294967278,331
4294967279,392
4294967278,32
4294967278,31
4294967279,391
4294967279,390
4294967278,329
4294967278,34
4294967278,33
4294967278,328
4294967279,441
4294967278,327
4294967279,440
4294967278,38
4294967278,37
4294967278,36
4294967278,35
4294967278,326
4294967279,388
4294967278,374
4294967279,387
4294967278,373
4294967278,43
4294967278,42
4294967278,41
4294967278,40
4294967278,39
4294967279,439
4294967278,372
4294967279,297
4294967278,296
4294967279,438
4294967278,295
4294967278,325
4294967279,437
4294967278,324
4294967279,296
4294967278,371
4294967279,157
4294967278,45
4294967278,370
4294967278,44
4294967278,369
4294967279,295
4294967278,368
4294967279,294
4294967279,436
4294967279,385
4294967278,46
4294967278,367
4294967279,384
4294967278,47
4294967279,435
4294967279,293
4294967278,366
4294967279,434
4294967279,319
4294967278,49
4294967278,48
4294967279,433
4294967278,365
4294967279,432
4294967278,364
4294967279,431
4294967279,430
4294967278,363
4294967279,292
4294967279,429
4294967279,138
4294967279,278
4294967279,57
4294967279,55
4294967279,54
4294967279,277
4294967279,53
4294967279,276
4294967279,134
4294967279,52
4294967279,51
4294967279,289
4294967279,49
4294967279,283
4294967279,282
4294967279,288
4294967279,268
4294967279,317
4294967279,286
4294967279,45
4294967279,285
4294967278,362
4294967279,428
4294967278,361
4294967279,43
4294967279,42
4294967279,41
4294967279,261
4294967279,275
4294967279,281
4294967278,360
4294967279,427
4294967278,359
4294967278,358
4294967279,426
4294967278,256
4294967279,425
4294967278,357
4294967279,37
4294967278,356
4294967279,424
4294967278,255
4294967279,423
4294967278,355
4294967279,35
4294967279,34
4294967279,33
4294967279,422
4294967278,354
4294967279,421
4294967278,353
4294967278,352
4294967278,251
4294967279,32
4294967279,420
4294967278,249
4294967279,419
4294967278,247
4294967279,29
4294967279,26
4294967279,25
4294967278,245
4294967278,243
4294967278,241
4294967278,239
4294967279,418
4294967278,351
4294967278,350
4294967279,23
4294967279,22
4294967279,417
4294967278,235
4294967278,233
4294967278,231
4294967279,20
4294967278,229
4294967279,18
4294967279,17
4294967279,15
4294967279,14
4294967279,12
4294967279,11
4294967278,227
4294967278,225
4294967278,223
4294967278,221
4294967278,219
4294967278,217
4294967278,214
4294967278,213
4294967278,212
4294967294,43
4294967294,417
4294967294,52
4294967294,1035
4294967294,83
4294967279,416
4294967278,349
4294967279,415
4294967278,348
4294967278,347
4294967279,414
4294967278,346
4294967279,413
4294967278,345
4294967279,412
4294967278,344
4294967279,411
4294967279,410
4294967278,343
4294967278,260
4294967278,0
13,5
13,2
13,6
4294967279,409
13,4
4294967278,132
4294967278,131
4294967278,130
4294967278,129
4294967278,128
4294967278,127
4294967278,126
4294967278,125
4294967278,124
4294967278,123
4294967278,122
4294967278,121
4294967278,120
4294967278,119
4294967278,118
4294967278,117
4294967278,116
4294967278,115
4294967278,114
4294967278,113
4294967278,112
4294967278,111
4294967278,110
4294967278,109
4294967278,108
4294967278,107
4294967278,106
4294967278,105
4294967278,104
4294967278,103
4294967278,102
4294967278,101
4294967278,100
4294967278,99
4294967278,98
4294967278,97
4294967278,96
4294967278,95
4294967278,94
4294967278,93
4294967278,92
4294967278,90
4294967278,87
4294967278,84
4294967278,82
4294967278,79
4294967278,78
4294967278,77
4294967278,76
4294967278,75
4294967278,72
4294967278,70
4294967278,68
4294967278,67
4294967278,66
4294967278,65
4294967278,62
4294967278,61
4294967278,58
4294967278,57
4294967278,56
4294967278,55
4294967278,54
4294967278,53
4294967278,52
4294967278,51
4294967278,50
4294967279,389
4294967279,56
4294967279,50
4294967279,386
4294967279,48
4294967279,47
4294967279,46
4294967279,44
4294967279,40
4294967279,39
4294967279,38
4294967279,36
4294967279,31
4294967279,30
4294967279,28
4294967279,27
4294967279,24
4294967279,21
4294967279,19
4294967279,16
4294967279,13
4294967279,10
4294967279,9
4294967279,8
4294967279,7
4294967279,6
4294967279,5
4294967279,4
4294967278,205
4294967278,204
4294967279,408
4294967278,342
4294967278,91
4294967278,202
4294967278,341
4294967278,89
4294967279,407
4294967294,30
4294967294,163
4294967294,387
4294967294,165
4294967294,113
4294967294,168
4294967294,167
